	2024	2025	2026	2027	2028	2029	2030	2031	2032	2033	2034	2035
DE	19	20.16666667	21.33333333	22.5	23.66666667	24.83333333	26	28.4	30.8	33.2	35.6	38
FR	13	13.83333333	14.66666667	15.5	16.33333333	17.16666667	18	19.7	21.4	23.1	24.8	26.5
UK	10.5	10.76666667	11.03333333	11.3	11.56666667	11.83333333	12.1	14.78	17.46	20.14	22.82	25.5
NL	8	8.333333333	8.666666667	9	9.333333333	9.666666667	10	10.8	11.6	12.4	13.2	14
IE	6	6.533333333	7.066666667	7.6	8.133333333	8.666666667	9.2	10.36	11.52	12.68	13.84	15
ES	5.2	5.833333333	6.466666667	7.1	7.733333333	8.366666667	9	9.95	10.9	11.85	12.8	13.75
NO	2.5	2.833333333	3.166666667	3.5	3.833333333	4.166666667	4.5	6.1	7.7	9.3	10.9	12.5
IT	3	3	3	3	3	3	3	4.25	5.5	6.75	8	9.25
SE	2.3	2.75	3.2	3.65	4.1	4.55	5	6.8	8.6	10.4	12.2	14
FIN	1.4	1.583333333	1.766666667	1.95	2.133333333	2.316666667	2.5	3.2	3.9	4.6	5.3	6
PL	3	3.416666667	3.833333333	4.25	4.666666667	5.083333333	5.5	6.2	6.9	7.6	8.3	9
DK	2.5	3.083333333	3.666666667	4.25	4.833333333	5.416666667	6	6.6	7.2	7.8	8.4	9
BE	2	2.333333333	2.666666667	3	3.333333333	3.666666667	4	4.4	4.8	5.2	5.6	6
CH	2	2.25	2.5	2.75	3	3.25	3.5	3.8	4.1	4.4	4.7	5
RO	1.169141361	1.405753303	1.642365245	1.878977187	2.115589129	2.35220107	2.588813013	2.839343304	3.089873596	3.340403888	3.590934179	3.841464471
CZ	0.8665291737	1.041898173	1.217267172	1.392636172	1.568005172	1.74337417	1.91874317	2.104427993	2.290112816	2.475797639	2.661482462	2.847167285
HU	0.8297551422	0.9976817782	1.165608414	1.33353505	1.501461686	1.669388321	1.837314958	2.015119631	2.192924304	2.370728978	2.548533651	2.726338324
PT	0.690167797	0.8298446131	0.9695214291	1.109198245	1.248875062	1.388551877	1.528228693	1.676121793	1.824014892	1.971907991	2.119801091	2.26769419
BG	0.6431637871	0.7733278869	0.9034919866	1.033656086	1.163820187	1.293984286	1.424148386	1.561969197	1.699790009	1.83761082	1.975431632	2.113252443
AT	0.6319414365	0.7598343463	0.8877272559	1.015620166	1.143513076	1.271405985	1.399298895	1.534714917	1.670130939	1.805546961	1.940962983	2.076379006
GR	0.4961954092	0.5966159087	0.6970364082	0.7974569077	0.8978774074	0.9982979064	1.098718406	1.205045994	1.311373581	1.417701169	1.524028757	1.630356345
SK	0.4236824422	0.5094276983	0.5951729544	0.6809182106	0.766663467	0.8524087227	0.9381539791	1.028943074	1.119732169	1.210521263	1.301310358	1.392099453
HR	0.2895337281	0.3481298397	0.4067259513	0.465322063	0.5239181748	0.5825142861	0.6411103979	0.7031533396	0.7651962813	0.8272392231	0.8892821648	0.9513251065
LT	0.2175387319	0.2615644277	0.3055901234	0.3496158192	0.393641515	0.4376672106	0.4816929064	0.528308349	0.5749237916	0.6215392341	0.6681546767	0.7147701192
LV	0.2135246583	0.256737982	0.2999513057	0.3431646294	0.3863779532	0.4295912767	0.4728046005	0.5185598844	0.5643151683	0.6100704522	0.6558257361	0.7015810201
EE	0.1631540701	0.1961733462	0.2291926223	0.2622118984	0.2952311746	0.3282504505	0.3612697267	0.3962313131	0.4311928996	0.466154486	0.5011160725	0.5360776589
SI	0.1631540701	0.1961733462	0.2291926223	0.2622118984	0.2952311746	0.3282504505	0.3612697267	0.3962313131	0.4311928996	0.466154486	0.5011160725	0.5360776589
LU	0.1164091091	0.1399680955	0.1635270819	0.1870860683	0.2106450547	0.2342040409	0.2577630274	0.2827078365	0.3076526456	0.3325974547	0.3575422638	0.3824870729
CY	0.07704496933	0.0926374036	0.1082298379	0.1238222721	0.1394147064	0.1550071406	0.1705995749	0.1871092112	0.2036188475	0.2201284838	0.2366381201	0.2531477564
MT	0.009064114536	0.01089851867	0.0127329228	0.01456732693	0.01640173107	0.01823613519	0.02007053933	0.02201284959	0.02395515984	0.0258974701	0.02783978036	0.02978209062
