	2024	2025	2026	2027	2028	2029	2030	2031	2032	2033	2034	2035
DE	19	20.16666667	21.33333333	22.5	23.66666667	24.83333333	26	28.4	30.8	33.2	35.6	38
FR	13	13.83333333	14.66666667	15.5	16.33333333	17.16666667	18	19.7	21.4	23.1	24.8	26.5
UK	10.5	10.76666667	11.03333333	11.3	11.56666667	11.83333333	12.1	14.78	17.46	20.14	22.82	25.5
NL	8	8.333333333	8.666666667	9	9.333333333	9.666666667	10	10.8	11.6	12.4	13.2	14
IE	6	6.533333333	7.066666667	7.6	8.133333333	8.666666667	9.2	10.36	11.52	12.68	13.84	15
ES	5.2	5.833333333	6.466666667	7.1	7.733333333	8.366666667	9	9.95	10.9	11.85	12.8	13.75
NO	2.5	2.833333333	3.166666667	3.5	3.833333333	4.166666667	4.5	6.1	7.7	9.3	10.9	12.5
IT	3	3	3	3	3	3	3	4.25	5.5	6.75	8	9.25
SE	2.3	2.75	3.2	3.65	4.1	4.55	5	6.8	8.6	10.4	12.2	14
FIN	1.4	1.583333333	1.766666667	1.95	2.133333333	2.316666667	2.5	3.2	3.9	4.6	5.3	6
PL	3	3.416666667	3.833333333	4.25	4.666666667	5.083333333	5.5	6.2	6.9	7.6	8.3	9
DK	2.5	3.083333333	3.666666667	4.25	4.833333333	5.416666667	6	6.6	7.2	7.8	8.4	9
BE	2	2.333333333	2.666666667	3	3.333333333	3.666666667	4	4.4	4.8	5.2	5.6	6
CH	2	2.25	2.5	2.75	3	3.25	3.5	3.8	4.1	4.4	4.7	5
Others	7	8.416666667	9.833333333	11.25	12.66666667	14.08333333	15.5	17	18.5	20	21.5	23
